# Background	Spartina	Spart_dead	Sarcocornia	Batis	Juncus	Borrichia	Limonium	Other	Ignore
1.990044400000000000e+07 7.992070000000000000e+05 4.611962000000000000e+06 4.861100000000000000e+05 5.643160000000000000e+05 3.203700000000000000e+04 4.495000000000000000e+03 1.600000000000000000e+03 5.506130000000000000e+05
1.684750000000000000e+05 2.645338000000000000e+06 2.730720000000000000e+05 1.811680000000000000e+05 5.349300000000000000e+04 2.468200000000000000e+04 5.830000000000000000e+02 2.089000000000000000e+03 4.219800000000000000e+04
2.662600000000000000e+05 9.550200000000000000e+04 1.227962000000000000e+06 7.804000000000000000e+03 1.000600000000000000e+04 4.928000000000000000e+03 7.200000000000000000e+01 0.000000000000000000e+00 1.501600000000000000e+04
1.105610000000000000e+05 1.146130000000000000e+05 6.053600000000000000e+04 5.143270000000000000e+05 2.007000000000000000e+04 1.984100000000000000e+04 0.000000000000000000e+00 0.000000000000000000e+00 3.567000000000000000e+03
5.236700000000000000e+04 6.744600000000000000e+04 1.607700000000000000e+04 7.704000000000000000e+04 9.709330000000000000e+05 7.499000000000000000e+03 1.023000000000000000e+03 1.408000000000000000e+03 6.430000000000000000e+02
7.367400000000000000e+04 1.657760000000000000e+05 2.359040000000000000e+05 1.798400000000000000e+04 8.237000000000000000e+04 3.885800000000000000e+04 2.074000000000000000e+03 9.950000000000000000e+02 5.414000000000000000e+03
6.935000000000000000e+03 4.232360000000000000e+05 1.340000000000000000e+03 3.130000000000000000e+02 1.888120000000000000e+05 3.400000000000000000e+01 2.741100000000000000e+04 4.320000000000000000e+02 3.112000000000000000e+03
1.229000000000000000e+04 9.492100000000000000e+04 2.952000000000000000e+03 1.459400000000000000e+04 1.143300000000000000e+04 1.878000000000000000e+03 1.970000000000000000e+02 2.186000000000000000e+03 1.000000000000000000e+00
1.877000000000000000e+05 3.055500000000000000e+04 1.243240000000000000e+05 8.457000000000000000e+03 1.707000000000000000e+03 9.400000000000000000e+01 0.000000000000000000e+00 0.000000000000000000e+00 2.788070000000000000e+05
